****************************************************
0	-100
1	-100
2	-99
3	-97
4	-95
5	-95
6	-94
7	-94
8	-91
9	-91
10	-90
11	-90
12	-88
13	-87
14	-86
15	-86
16	-86
17	-82
18	-82
19	-82
20	-82
21	-75
22	-75
23	-75
24	-74
25	-74
26	-74
27	-73
28	-72
29	-72
30	-71
31	-71
32	-70
33	-70
34	-68
35	-68
36	-67
37	-65
38	-64
39	-60
40	-60
41	-58
42	-57
43	-56
44	-54
45	-53
46	-52
47	-51
48	-51
49	-50
50	-50
51	-50
52	-48
53	-47
54	-46
55	-46
56	-45
57	-45
58	-45
59	-43
60	-39
61	-37
62	-36
63	-36
64	-35
65	-30
66	-30
67	-28
68	-27
69	-27
70	-23
71	-23
72	-23
73	-23
74	-23
75	-22
76	-18
77	-18
78	-18
79	-17
80	-17
81	-17
82	-17
83	-15
84	-13
85	-12
86	-10
87	-9
88	-8
89	-8
90	-7
91	-7
92	-6
93	-6
94	-5
95	-4
96	-3
97	-2
98	-1
99	0
100	0
101	0
102	1
103	1
104	3
105	3
106	4
107	5
108	6
109	6
110	7
111	7
112	7
113	11
114	11
115	13
116	14
117	18
118	18
119	18
120	18
121	20
122	24
123	25
124	26
125	26
126	26
127	27
128	27
129	30
130	30
131	30
132	31
133	31
134	34
135	36
136	36
137	36
138	36
139	38
140	38
141	40
142	42
143	43
144	45
145	45
146	47
147	47
148	50
149	51
150	51
151	51
152	52
153	53
154	53
155	54
156	54
157	57
158	61
159	61
160	62
161	64
162	65
163	66
164	67
165	69
166	69
167	69
168	70
169	70
170	73
171	74
172	77
173	78
174	78
175	78
176	79
177	80
178	81
179	81
180	82
181	82
182	82
183	83
184	87
185	87
186	87
187	88
188	89
189	90
190	90
191	91
192	92
193	92
194	93
195	97
196	97
197	98
198	99
199	100
****************************************************
57在顺序数组的第157
